   1 1.444
   1 1.654
   1 10.13
   1 10.143
   1 10.417
   1 10.549
   1 10.67
   1 10.739
   1 10.763
   1 10.784
   1 10.889
   1 10.896
   1 10.941
   1 11.139
   1 11.141
   1 11.326
   1 11.379
   1 11.562
   1 11.642
   1 11.65
   1 11.77
   1 11.86
   1 11.87
   1 11.963
   1 11.968
   1 12.191
   1 12.209
   1 12.218
   1 12.232
   1 12.272
   1 12.481
   1 12.485
   1 12.58
   1 12.698
   1 12.751
   1 12.761
   1 12.801
   1 12.829
   1 13.084
   1 13.087
   1 13.266
   1 13.322
   1 13.358
   1 13.449
   1 13.715
   1 13.859
   1 14.244
   1 14.275
   1 15.13
   1 15.372
   1 15.473
   1 15.86
   1 16.062
   1 16.079
   1 16.628
   1 16.928
   1 17.244
   1 2.01
   1 2.376
   1 2.797
   1 20.364
   1 20.37
   1 20.376
   1 20.977
   1 22.021
   1 23.053
   1 23.79
   1 23.927
   1 24.385
   1 24.817
   1 24.886
   1 24.891
   1 24.898
   1 25.015
   1 25.056
   1 25.704
   1 25.826
   1 25.957
   1 26.042
   1 26.582
   1 26.672
   1 26.939
   1 27.062
   1 27.408
   1 27.419
   1 27.498
   1 28.104
   1 28.126
   1 28.613
   1 28.807
   1 29.251
   1 29.872
   1 29.944
   1 3.224
   1 3.794
   1 3.817
   1 3.822
   1 3.941
   1 3.95
   1 30.044
   1 30.054
   1 30.472
   1 30.579
   1 30.641
   1 30.652
   1 30.759
   1 30.818
   1 30.906
   1 31.08
   1 31.085
   1 31.23
   1 31.256
   1 31.295
   1 31.382
   1 31.432
   1 31.438
   1 31.511
   1 31.853
   1 31.905
   1 31.972
   1 32.015
   1 32.059
   1 32.075
   1 32.193
   1 32.354
   1 32.382
   1 32.433
   1 32.457
   2 32.665
   1 32.676
   1 32.944
   1 33.081
   1 33.329
   1 33.338
   1 33.455
   1 33.806
   1 33.874
   1 34.114
   1 34.243
   1 34.288
   2 34.445
   1 34.462
   1 34.482
   1 34.498
   1 34.583
   1 34.611
   1 34.638
   1 34.644
   1 34.682
   1 34.69
   1 34.701
   1 34.73
   1 34.77
   1 34.784
   1 34.839
   1 34.84
   1 34.932
   1 34.96
   1 35.171
   1 35.218
   1 35.268
   1 35.287
   1 35.289
   1 35.408
   1 35.415
   1 35.614
   1 35.661
   1 35.68
   1 35.702
   1 36.087
   1 36.201
   1 36.261
   1 36.486
   1 36.655
   1 37.061
   1 37.078
   1 37.186
   1 37.19
   1 37.201
   1 37.246
   1 37.261
   1 37.278
   1 37.334
   1 37.339
   1 37.501
   1 37.528
   1 37.533
   1 37.536
   1 37.638
   2 37.677
   1 37.703
   1 37.757
   1 37.844
   1 38.018
   1 38.025
   1 38.097
   1 38.148
   1 38.24
   1 38.548
   1 38.622
   1 38.714
   1 38.792
   1 38.799
   1 39.058
   1 39.38
   1 39.457
   1 39.536
   2 39.899
   1 39.945
   1 39.971
   1 4.022
   1 4.13
   1 4.148
   1 4.188
   1 4.223
   1 4.236
   1 4.251
   1 4.358
   1 4.377
   1 4.426
   1 4.532
   1 4.551
   1 4.574
   1 4.588
   1 4.7
   1 4.708
   1 4.75
   1 4.785
   1 4.798
   1 4.872
   1 4.905
   1 4.959
   1 4.987
   1 40.209
   1 40.233
   1 40.241
   1 40.272
   1 40.308
   1 40.501
   1 40.883
   1 40.966
   1 40.992
   1 41.051
   1 41.547
   2 41.941
   1 41.982
   1 42.089
   1 42.286
   1 42.295
   1 42.331
   1 42.42
   1 42.456
   1 42.938
   1 43.125
   1 43.2
   1 43.549
   1 43.596
   1 43.753
   1 43.827
   1 44.531
   1 44.867
   1 45.249
   1 45.319
   1 45.648
   1 46.194
   1 5.063
   1 5.109
   1 5.152
   1 5.157
   1 5.223
   1 5.243
   1 5.244
   1 5.285
   1 5.324
   1 5.485
   1 5.515
   1 5.565
   1 5.578
   1 5.587
   1 5.837
   1 5.841
   1 5.882
   1 6.287
   1 6.294
   1 6.491
   1 6.493
   1 6.526
   1 6.547
   1 6.842
   1 6.883
   1 6.922
   1 7.166
   1 7.413
   1 7.418
   1 7.423
   1 7.626
   1 7.705
   1 7.855
   1 7.868
   1 7.986
   1 8.036
   1 8.114
   1 8.116
   1 8.126
   1 8.313
   1 8.395
   1 8.46
   1 8.535
   1 8.593
   1 8.607
   1 8.623
   1 8.995
   1 9.266
   1 9.28
   1 9.3
   1 9.411
   1 9.433
   1 9.53
   1 9.554
   1 9.647
   1 9.795
   1 9.801
