   1 0.001
  12 0.002
  13 0.003
  15 0.004
   9 0.005
  12 0.006
   6 0.007
  13 0.008
   5 0.009
   9 0.01
  12 0.011
   7 0.012
   2 0.013
   2 0.014
   7 0.015
   3 0.016
   2 0.018
   2 0.019
   1 0.02
   1 0.022
   2 0.023
   1 0.025
   2 0.026
   1 0.027
   1 0.028
   2 0.029
   1 0.03
   4 0.031
   4 0.032
   1 0.033
   2 0.034
   2 0.035
   1 0.036
   1 0.037
   2 0.038
   3 0.039
   2 0.04
   2 0.044
   1 0.045
   1 0.046
   1 0.049
   1 0.05
   1 0.052
   2 0.053
   1 0.054
   3 0.061
   1 0.062
   1 0.063
   1 0.064
   1 0.066
   2 0.067
   1 0.068
   1 0.07
   2 0.072
   1 0.073
   1 0.074
   2 0.075
   2 0.076
   1 0.078
   2 0.079
   1 0.081
   1 0.082
   1 0.085
   1 0.089
   3 0.091
   1 0.092
   2 0.093
   2 0.094
   2 0.095
   1 0.097
   3 0.098
   2 0.1
   1 0.101
   1 0.105
   2 0.107
   1 0.108
   1 0.111
   2 0.115
   1 0.118
   1 0.119
   1 0.12
   1 0.122
   1 0.125
   1 0.128
   1 0.13
   1 0.131
   1 0.132
   1 0.135
   2 0.136
   1 0.142
   1 0.149
   1 0.196
   1 0.207
   1 0.216
   1 0.225
   1 0.23
   1 0.234
   1 0.269
   1 0.274
   1 0.279
   1 0.28
   1 0.312
   1 0.327
   1 0.383
   1 0.425
   1 0.439
   1 0.489
   1 0.49
   1 0.594
   1 0.616
   1 0.671
   1 0.681
   1 0.694
   1 0.7
   1 0.709
   1 0.718
   1 0.734
   1 0.746
   1 0.8
   1 0.813
   1 0.84
   1 0.891
   1 0.918
   1 0.923
   1 0.929
   1 0.952
   1 0.959
   1 0.965
   1 0.983
  28 1
